%YAML:1.0
---
model_type: KANNALA_BRANDT
camera_name: kannala-brandt
image_width: 752
image_height: 480
#default values from github
# projection_parameters:
#    k2: -2.2368203738418631e-02
#    k3: 4.1239980859778176e-04
#    k4: -2.3713766057206487e-03
#    k5: -1.3284941050433785e-03
#    mu: 3.6672158631575843e+02
#    mv: 3.6692874050711691e+02
#    u0: 3.7265840994819001e+02
#    v0: 2.3985722080667881e+02

# get below parameters by command: ./samples/_output/bin/tutorials/get_img_params
projection_parameters:
   k2: -0.03029504397270243
   k3: 0.02456131832180794
   k4: -0.03688066102662716
   k5: 0.01626083592134776
   mu: 367.52449489660699555
   mv: 367.53022271275870025
   u0: 368.07304293979439080
   v0: 230.71178789661894371

# I calibrate s1030 and get below parameters 
# projection_parameters:
#    k2: -0.021450950391511535
#    k3: 0.006053533267031726
#    k4: -0.011197386243338147
#    k5: 0.003448332539518069
#    mu: 365.3358978925933
#    mv: 364.25806123902123
#    u0: 367.2546467182224
#    v0: 230.9342643925742
   